	34.3s : 203.0m/z	34.8s : 244.0m/z	38.2s : 360.2m/z	41.4s : 328.1m/z	47.5s : 294.1m/z	47.6s : 276.1m/z	72.3s : 328.1m/z	797.5s : 411.0m/z	906.9s : 485.1m/z	964.1s : 768.5m/z	972.3s : 124.0m/z	972.7s : 620.4m/z	1000.1s : 371.1m/z	1000.2s : 559.1m/z	1041.1s : 785.5m/z	1054.9s : 782.5m/z	1060.5s : 755.5m/z	1073.4s : 769.6m/z	1076.7s : 371.1m/z	1076.7s : 628.1m/z	1076.9s : 656.2m/z	1076.9s : 649.1m/z	1077.0s : 633.1m/z	34.3s : 203.053m/zA	34.8s : 244.079m/zA	38.2s : 360.213m/zA	41.4s : 328.139m/zA	47.5s : 294.155m/zA	47.6s : 276.144m/zA	72.3s : 328.139m/zA	797.5s : 411.094m/zA	906.9s : 485.113m/zA	964.1s : 768.503m/zA	972.3s : 124.087m/zA	972.7s : 620.493m/zA	1000.1s : 371.101m/zA	1000.2s : 559.131m/zA	1041.1s : 785.599m/zA	1054.9s : 782.519m/zA	1060.5s : 755.589m/zA	1073.4s : 769.605m/zA	1076.7s : 371.101m/zA	1076.7s : 628.194m/zA	1076.9s : 656.226m/zA	1076.9s : 649.123m/zA	1077.0s : 633.150m/zA	34.3s : 203.053m/zB	34.8s : 244.079m/zB	38.2s : 360.213m/zB	41.4s : 328.139m/zB	47.5s : 294.155m/zB	47.6s : 276.144m/zB	72.3s : 328.139m/zB	797.5s : 411.094m/zB	906.9s : 485.113m/zB	964.1s : 768.503m/zB	972.3s : 124.087m/zB	972.7s : 620.493m/zB	1000.1s : 371.101m/zB	1000.2s : 559.131m/zB	1041.1s : 785.599m/zB	1054.9s : 782.519m/zB	1060.5s : 755.589m/zB	1073.4s : 769.605m/zB	1076.7s : 371.101m/zB	1076.7s : 628.194m/zB	1076.9s : 656.226m/zB	1076.9s : 649.123m/zB	1077.0s : 633.150m/zB
X:\blank_10000_SN0\Blank_A1p_1_01_A.d-100	0	0	0	192856	0	0	0	0	0	0	0	0	0	0	0	0	131907	0	0	0	0	0	0	0	0	0	0	0	0	0	0	0	0	0	0	0	0	0	0	0	0	0	0	0	0	0	0	0	0	0	0	0	0	0	0	0	0	0	0	0	0	0	0	0	0	0	0	0	0
X:\blank_10000_SN0\Blank_A1p_1_01_B.d-101	0	0	0	0	0	0	0	53863	123108	29402	63726	28082	69572	196549	0	54695	81321	455342	0	0	122879	0	233735	0	0	0	0	0	0	0	86080.45872	169423.7395	47377.33939	80752.49121	35758.59973	89924.87261	262359.5493	0	106772.0658	151362.5562	806041.5082	0	0	157304.2729	0	410879.9668	0	0	0	0	0	0	0	95659.00124	209780.399	49369.92088	117117.0931	50162.19569	109440.8818	240889.5257	0	95013.42719	154510.7912	739961.5297	0	0	187748.5607	0	350894.4186
X:\blank_10000_SN0\Blank_A1p_1_01_D.d-102	0	0	0	0	244502	124939	87174	80010	176649	0	0	0	132586	294054	56234	0	46051	238835	72438	127483	192848	40498	435657	0	0	0	0	276332.9744	135760.2908	107906.1727	133793.5784	299544.3458	0	0	0	208196.0944	436470.7002	83754.4341	0	84030.15093	325195.7289	123778.3667	146627.8234	330453.2728	56098.82041	715103.8976	0	0	0	0	270044.4593	231581.3576	157655.1078	138110.0532	187159.3172	0	0	0	233570.4883	333664.3227	82643.34533	0	46983.30665	378813.7144	108369.1304	156461.1973	290514.4822	68226.59636	819268.3058
X:\blank_10000_SN0\Blank_A1p_1_01_E.d-103	469586	251906	161585	113763	254963	122061	0	92258	196240	0	0	0	131907	304436	96830	0	109582	395738	0	98527	156818	46774	407940	775740.7846	408835.2266	306352.484	225785.1068	399053.1686	198022.379	0	95135.86183	337653.4365	0	0	0	221342.875	479923.1183	126670.7298	0	177863.3188	397546.0911	0	169148.1759	190159.705	77589.90492	637728.6597	552851.0932	457288.5045	243273.2196	224476.526	262127.1101	213977.7155	0	178885.0348	272773.9884	0	0	0	217293.9783	373779.5446	130831.6504	0	151746.4154	528338.4433	0	188407.0905	241511.8712	59998.71865	414038.6349
X:\blank_10000_SN0\Blank_A1p_1_01_F.d-104	402569	0	0	0	192856	100565	0	109969	227784	0	0	0	160222	335542	66656	0	61448	251236	71974	133204	194620	45566	462679	411835.251	0	0	0	243704.7345	112262.6365	0	181156.8949	342368.7854	0	0	0	264645.6047	355856.5551	68358.73414	0	76375.83898	499312.5705	88858.18949	152847.7752	202936.9165	68399.29949	891486.5974	619558.1778	0	0	0	240330.9905	124099.8285	0	211454.4578	302614.6611	0	0	0	286931.7834	505896.8516	68069.42537	0	117518.0573	300760.0234	117908.2517	162395.3367	266291.0249	53035.97914	733655.9661
X:\blank_10000_SN0\Blank_A1p_1_01_A.d-105	0	0	0	192856	0	0	0	0	0	0	0	0	0	0	0	0	0	0	0	0	0	0	0	0	0	0	0	0	0	0	0	0	0	0	0	0	0	0	0	0	0	0	0	0	0	0	0	0	0	0	0	0	0	0	0	0	0	0	0	0	0	0	0	0	0	0	0	0	0
X:\blank_10000_SN0\Blank_A1p_1_01_B.d-106	0	0	0	0	0	0	0	53863	123108	29402	63726	28082	69572	196549	0	54695	81321	455342	0	0	122879	0	233735	0	0	0	0	0	0	0	66698.55812	139725.148	47223.22516	69377.39786	28531.97699	74182.51396	313841.3559	0	71227.31528	154773.3423	456712.1789	0	0	213809.5497	0	266562.7257	0	0	0	0	0	0	0	87750.31759	132348.5874	39549.76178	98685.78597	51123.24517	108966.8822	221827.4333	0	100985.4107	113210.0281	721208.5309	0	0	166309.4767	0	415331.6907
X:\blank_10000_SN0\Blank_A1p_1_01_D.d-107	0	0	0	0	244502	124939	87174	80010	176649	0	0	0	132586	294054	56234	0	46051	238835	72438	127483	192848	40498	435657	0	0	0	0	293527.781	128856.8764	114986.6046	123264.8405	245633.2269	0	0	0	226076.3126	521019.523	81804.822	0	60819.08917	356202.3598	80855.31862	203048.4701	375078.1346	74686.30553	449919.3844	0	0	0	0	373469.3703	242198.4855	99698.66609	123326.0435	210755.4	0	0	0	222264.6094	396751.7422	111712.6322	0	57742.21182	377132.8329	140149.8943	180043.5493	336799.3723	70341.34503	474253.8777
X:\blank_10000_SN0\Blank_A1p_1_01_E.d-108	469586	251906	161585	113763	254963	122061	0	92258	196240	0	0	0	131907	304436	96830	0	109582	395738	0	98527	156818	46774	407940	523994.1358	359139.358	268389.3107	155552.2083	371522.2736	151234.836	0	136576.4058	255955.732	0	0	0	185476.1913	304674.9756	104905.5038	0	172367.075	580202.5583	0	157188.6346	174812.934	68642.688	586985.585	780330.382	440757.1484	284633.7531	166663.8034	453497.1469	237971.314	0	102240.7193	383299.0771	0	0	0	217159.1966	438310.3861	166977.3709	0	118073.3627	502540.858	0	179514.1095	244307.6479	59190.17082	601895.6692
X:\blank_10000_SN0\Blank_A1p_1_01_F.d-109	402569	0	0	0	192856	100565	0	109969	227784	0	0	0	160222	335542	66656	0	61448	251236	71974	133204	194620	45566	462679	629618.8619	0	0	0	296112.6227	112765.208	0	165954.0685	294528.0747	0	0	0	182316.2381	504843.3976	128615.6354	0	67636.56089	280011.6756	82533.0583	238295.2856	313399.2576	62342.10497	477266.3867	463452.0062	0	0	0	354255.3219	154178.5601	0	169964.3153	327294.6854	0	0	0	214741.4892	595436.4216	72394.5921	0	111776.4633	465124.4558	87069.96085	174328.4214	281854.0311	46367.56203	747206.6269
X:\blank_10000_SN0\Blank_A1p_1_01_A.d-110	0	0	0	192856	0	0	0	0	0	0	0	0	0	0	0	0	131907	0	0	0	0	0	0	0	0	0	0	0	0	0	0	0	0	0	0	0	0	0	0	0	0	0	0	0	0	0	0	0	0	0	0	0	0	0	0	0	0	0	0	0	0	0	0	0	0	0	0	0	0
X:\blank_10000_SN0\Blank_A1p_1_01_B.d-111	0	0	0	0	0	0	0	53863	123108	29402	63726	28082	69572	196549	0	54695	81321	455342	0	0	122879	0	233735	0	0	0	0	0	0	0	88190.19443	152200.2515	53492.27185	71068.42906	42274.80298	108008.8253	324461.4041	0	95571.42655	159079.769	758493.5573	0	0	161216.0906	0	321309.1334	0	0	0	0	0	0	0	61010.24834	176788.2724	30967.02305	93887.30433	30506.87406	81801.13164	291732.5001	0	85271.16595	128332.4085	518619.0308	0	0	205394.8192	0	380794.1399
X:\blank_10000_SN0\Blank_A1p_1_01_D.d-112	0	0	0	0	244502	124939	87174	80010	176649	0	0	0	132586	294054	56234	0	46051	238835	72438	127483	192848	40498	435657	0	0	0	0	358430.0057	205372.2025	148871.449	141947.493	181237.7401	0	0	0	245180.5291	433861.3125	65992.13823	0	87962.95566	424198.4634	86151.75338	167558.8994	230698.1316	72191.89394	573743.485	0	0	0	0	307309.3746	233095.4186	166283.8809	146123.0872	348670.8538	0	0	0	160263.6719	517717.084	101576.2653	0	57760.67182	376998.5359	92250.3788	210156.3922	364500.6983	61857.33821	468975.1242
X:\blank_10000_SN0\Blank_A1p_1_01_E.d-113	469586	251906	161585	113763	254963	122061	0	92258	196240	0	0	0	131907	304436	96830	0	109582	395738	0	98527	156818	46774	407940	557470.3932	377249.0926	201534.129	200632.2651	398434.7046	153309.3438	0	183741.4791	262190.6357	0	0	0	166290.1851	413710.3534	152779.2806	0	143586.1621	625289.7479	0	141883.6223	252799.7869	47921.16911	715271.6479	835200.4506	316431.1489	309262.8397	208418.985	467855.988	190747.7707	0	130774.76	232162.4592	0	0	0	194318.4137	375317.4512	175916.0449	0	184496.6344	457415.7781	0	116140.1064	253366.6681	55522.53432	518099.6976
X:\blank_10000_SN0\Blank_A1p_1_01_F.d-114	402569	0	0	0	192856	100565	0	109969	227784	0	0	0	160222	335542	66656	0	61448	251236	71974	133204	194620	45566	462679	562729.5896	0	0	0	364210.2232	188247.9276	0	153450.0033	250939.7525	0	0	0	282344.3552	395118.9362	86305.12589	0	109803.577	365887.24	92592.48658	164099.1673	255090.004	84239.59544	655934.9744	748193.3815	0	0	0	272130.365	146991.8895	0	140230.2449	241470.6281	0	0	0	226658.5915	448085.7304	108687.4589	0	100288.0313	369409.7826	76319.32264	224176.3835	212032.0485	85473.22611	566235.5679
X:\blank_10000_SN0\Blank_A1p_1_01_A.d-115	0	0	0	192856	0	0	0	0	0	0	0	0	0	0	0	0	0	0	0	0	0	0	0	0	0	0	0	0	0	0	0	0	0	0	0	0	0	0	0	0	0	0	0	0	0	0	0	0	0	0	0	0	0	0	0	0	0	0	0	0	0	0	0	0	0	0	0	0	0
X:\blank_10000_SN0\Blank_A1p_1_01_B.d-116	0	0	0	0	0	0	0	53863	123108	29402	63726	28082	69572	196549	0	54695	81321	455342	0	0	122879	0	233735	0	0	0	0	0	0	0	91771.95178	235034.7674	58075.76969	95706.65767	51283.5843	107052.2737	369918.5341	0	102843.5434	159338.9677	901845.3968	0	0	215241.1091	0	306608.2195	0	0	0	0	0	0	0	65346.21782	243717.674	49200.04986	107714.4415	28285.12995	107781.8502	253379.4025	0	82748.30646	147801.7211	902440.0609	0	0	174221.5398	0	304829.3738
X:\blank_10000_SN0\Blank_A1p_1_01_D.d-117	0	0	0	0	244502	124939	87174	80010	176649	0	0	0	132586	294054	56234	0	46051	238835	72438	127483	192848	40498	435657	0	0	0	0	433987.5137	131953.1521	138023.1011	129572.4709	204196.0337	0	0	0	150111.4729	363732.6136	96574.75538	0	89617.24957	408243.1229	137962.0533	209069.3889	203441.0614	52952.92607	510971.2582	0	0	0	0	464807.7037	185824.4931	89047.13907	155547.1164	223244.589	0	0	0	155503.4141	451475.7006	104084.4147	0	64860.86486	350005.6113	120493.752	235178.372	251157.5707	74095.95053	458819.4822
X:\blank_10000_SN0\Blank_A1p_1_01_E.d-118	469586	251906	161585	113763	254963	122061	0	92258	196240	0	0	0	131907	304436	96830	0	109582	395738	0	98527	156818	46774	407940	777787.8474	408858.1204	284226.2246	202701.6979	358567.063	126390.9912	0	122129.1357	342166.7038	0	0	0	153164.9681	487526.6223	118510.8468	0	186320.0079	603995.6046	0	137214.3635	253270.4117	63287.96058	465057.9826	871717.3751	400378.8937	219060.085	193258.2528	334141.4702	213927.308	0	129986.5942	295015.9249	0	0	0	228895.9348	573016.44	112724.1631	0	147856.2798	531679.1753	0	187368.5484	282786.2828	66992.42771	449506.0217
X:\blank_10000_SN0\Blank_A1p_1_01_F.d-119	402569	0	0	0	192856	100565	0	109969	227784	0	0	0	160222	335542	66656	0	61448	251236	71974	133204	194620	45566	462679	711573.392	0	0	0	278495.8875	181689.9956	0	181031.3393	289303.3967	0	0	0	214675.034	373769.2035	113067.2124	0	62307.84597	329620.1052	119837.1778	220232.5364	238843.9904	52954.61411	703872.5589	477636.1791	0	0	0	327881.2597	151655.4786	0	175057.8462	350376.198	0	0	0	294256.2532	335999.9527	76124.41404	0	72526.79345	318784.1307	75126.26597	178791.8803	379144.51	53930.33067	526682.0304
X:\blank_10000_SN0\Blank_A1p_1_01_A.d-120	0	0	0	192856	0	0	0	0	0	0	0	0	0	0	0	0	131907	0	0	0	0	0	0	0	0	0	0	0	0	0	0	0	0	0	0	0	0	0	0	0	0	0	0	0	0	0	0	0	0	0	0	0	0	0	0	0	0	0	0	0	0	0	0	0	0	0	0	0	0
X:\blank_10000_SN0\Blank_A1p_1_01_B.d-121	0	0	0	0	0	0	0	53863	123108	29402	63726	28082	69572	196549	0	54695	81321	455342	0	0	122879	0	233735	0	0	0	0	0	0	0	63389.76941	224855.4709	44399.8177	77046.04524	53368.18819	110270.1826	264795.2926	0	78865.91858	154135.8178	560904.1052	0	0	211125.432	0	286369.4273	0	0	0	0	0	0	0	68133.5754	199919.7544	34591.25576	70105.57579	35203.26775	88210.73326	221240.3087	0	69010.81777	98651.54776	642632.5039	0	0	208134.9611	0	316290.5949
X:\blank_10000_SN0\Blank_A1p_1_01_D.d-122	0	0	0	0	244502	124939	87174	80010	176649	0	0	0	132586	294054	56234	0	46051	238835	72438	127483	192848	40498	435657	0	0	0	0	426731.4597	154312.5759	107039.3176	96992.2181	324876.846	0	0	0	218039.398	384201.3015	80612.79495	0	51077.97368	247547.7978	91130.07743	183104.7795	309349.9039	57825.77491	590176.9681	0	0	0	0	358511.6277	232932.8164	90955.98406	84751.21546	255305.731	0	0	0	214420.7092	377749.1723	88588.03862	0	66048.74088	421570.6919	75361.17574	164354.5123	291963.311	65128.85101	460425.7954
X:\blank_10000_SN0\Blank_A1p_1_01_E.d-123	469586	251906	161585	113763	254963	122061	0	92258	196240	0	0	0	131907	304436	96830	0	109582	395738	0	98527	156818	46774	407940	647978.4874	352998.032	182995.4263	137397.257	267298.7008	134406.5479	0	134426.2437	374408.8417	0	0	0	156963.6843	495744.0774	104634.2375	0	152906.0944	698202.4972	0	135444.0982	205900.1551	66368.36143	788026.476	602359.8417	310006.9785	313669.6648	164378.414	316183.5316	174855.9661	0	128066.7318	367106.4739	0	0	0	214711.2641	311034.8708	131088.8374	0	121287.5281	482858.5782	0	180491.6504	253100.5933	57156.69924	652959.0673
X:\blank_10000_SN0\Blank_A1p_1_01_F.d-124	402569	0	0	0	192856	100565	0	109969	227784	0	0	0	160222	335542	66656	0	61448	251236	71974	133204	194620	45566	462679	798603.2376	0	0	0	275376.5016	110501.5687	0	169244.6674	264806.2771	0	0	0	202141.3056	436403.8608	69216.34277	0	76003.2289	390535.1877	121291.7574	262942.2465	230627.7498	78146.37948	492902.3628	572526.0913	0	0	0	264417.3183	111936.1506	0	120597.7677	275876.2749	0	0	0	319758.7994	513623.0405	118270.7564	0	67394.29584	361608.404	115391.3719	182979.718	301593.9629	79155.17379	868076.8717
X:\blank_10000_SN0\Blank_A1p_1_01_A.d-125	0	0	0	192856	0	0	0	0	0	0	0	0	0	0	0	0	0	0	0	0	0	0	0	0	0	0	0	0	0	0	0	0	0	0	0	0	0	0	0	0	0	0	0	0	0	0	0	0	0	0	0	0	0	0	0	0	0	0	0	0	0	0	0	0	0	0	0	0	0
X:\blank_10000_SN0\Blank_A1p_1_01_B.d-126	0	0	0	0	0	0	0	53863	123108	29402	63726	28082	69572	196549	0	54695	81321	455342	0	0	122879	0	233735	0	0	0	0	0	0	0	93876.99888	227978.0566	52745.68777	85065.50555	32020.3171	108756.4164	283454.0903	0	98029.32053	105157.6657	816141.7475	0	0	220592.3192	0	337156.1069	0	0	0	0	0	0	0	87359.34112	204163.5206	57271.28496	90120.46677	54035.15202	113726.5477	351835.591	0	97997.06073	108174.1884	840815.1879	0	0	157629.7308	0	300552.2201
X:\blank_10000_SN0\Blank_A1p_1_01_D.d-127	0	0	0	0	244502	124939	87174	80010	176649	0	0	0	132586	294054	56234	0	46051	238835	72438	127483	192848	40498	435657	0	0	0	0	400159.603	159128.3923	164994.5216	86650.54253	201684.1155	0	0	0	140953.5682	577398.6335	68799.43951	0	87204.80096	393104.1102	140360.312	235464.9561	213464.9673	44951.71959	500310.0371	0	0	0	0	458255.2276	178258.3861	111486.4825	117025.0414	337980.7396	0	0	0	150421.6063	376278.2611	101986.9607	0	46981.60784	475944.6772	136938.4032	230970.6976	334597.6739	56402.37365	636915.2915
X:\blank_10000_SN0\Blank_A1p_1_01_E.d-128	469586	251906	161585	113763	254963	122061	0	92258	196240	0	0	0	131907	304436	96830	0	109582	395738	0	98527	156818	46774	407940	668970.1638	407332.4176	304553.7856	212121.5001	291834.1793	139507.8227	0	165229.9414	338379.0656	0	0	0	215334.3947	364892.6141	177673.8277	0	163108.4431	515388.8309	0	113521.9155	212948.6496	74553.28041	421957.3204	532883.1807	385384.7059	299720.8131	146699.0399	273288.4228	163590.5728	0	136291.0407	369510.9421	0	0	0	205910.6355	333387.8174	130322.1806	0	135392.2949	490804.6814	0	157155.703	192211.6158	65890.01454	678775.1258
X:\blank_10000_SN0\Blank_A1p_1_01_F.d-129	402569	0	0	0	192856	100565	0	109969	227784	0	0	0	160222	335542	66656	0	61448	251236	71974	133204	194620	45566	462679	716489.5292	0	0	0	340184.1926	147534.1525	0	117163.9205	376682.7063	0	0	0	298040.4131	603371.5228	73585.81405	0	111389.2425	345190.0469	120677.0593	166097.5822	269838.8623	86497.49943	911317.5673	619062.8553	0	0	0	237501.4541	153258.9242	0	111239.3742	286555.9302	0	0	0	266247.0257	396372.074	113329.1978	0	85850.78051	282853.5616	88875.72004	222832.1888	264409.6204	71042.9223	689739.3685
X:\blank_10000_SN0\Blank_A1p_1_01_A.d-130	0	0	0	192856	0	0	0	0	0	0	0	0	0	0	0	0	131907	0	0	0	0	0	0	0	0	0	0	0	0	0	0	0	0	0	0	0	0	0	0	0	0	0	0	0	0	0	0	0	0	0	0	0	0	0	0	0	0	0	0	0	0	0	0	0	0	0	0	0	0
X:\blank_10000_SN0\Blank_A1p_1_01_B.d-131	0	0	0	0	0	0	0	53863	123108	29402	63726	28082	69572	196549	0	54695	81321	455342	0	0	122879	0	233735	0	0	0	0	0	0	0	62907.64701	136390.1194	47511.00471	75279.17938	29598.0726	79724.822	220036.5797	0	99049.90046	128385.3612	675383.057	0	0	217429.1014	0	273749.6489	0	0	0	0	0	0	0	72770.91133	168975.5045	30194.5138	119787.2506	54558.47186	72639.6907	384720.5748	0	100783.8253	106446.3943	606813.9067	0	0	147820.8668	0	450771.3695
X:\blank_10000_SN0\Blank_A1p_1_01_D.d-132	0	0	0	0	244502	124939	87174	80010	176649	0	0	0	132586	294054	56234	0	46051	238835	72438	127483	192848	40498	435657	0	0	0	0	287342.042	130784.9985	132211.2348	83129.22323	328804.2639	0	0	0	173533.7709	557664.5143	71489.05229	0	72628.30186	265050.4733	139764.1781	209931.8839	343072.9973	79525.51493	743058.8017	0	0	0	0	350271.0561	182614.9253	159021.7437	86825.71765	246534.894	0	0	0	259493.2633	479511.4814	79246.01372	0	59789.55602	390270.2412	78505.33781	215178.5692	366441.8265	53297.88382	761663.5065
X:\blank_10000_SN0\Blank_A1p_1_01_E.d-133	469586	251906	161585	113763	254963	122061	0	92258	196240	0	0	0	131907	304436	96830	0	109582	395738	0	98527	156818	46774	407940	869676.3106	258385.0797	273035.6511	136779.2537	322539.009	234626.946	0	178630.5743	248575.9465	0	0	0	205460.0032	522396.068	189756.7814	0	175687.7796	521005.0013	0	188117.2252	162095.9889	77132.18856	749359.9691	748851.7466	454954.8974	190444.822	220751.8135	455760.7854	217497.7444	0	138136.1208	308035.1911	0	0	0	206646.113	333780.2093	179727.356	0	179542.0784	587647.8172	0	186939.2288	272806.4151	67739.90025	432463.0432
X:\blank_10000_SN0\Blank_A1p_1_01_F.d-134	402569	0	0	0	192856	100565	0	109969	227784	0	0	0	160222	335542	66656	0	61448	251236	71974	133204	194620	45566	462679	782600.7079	0	0	0	199281.453	168860.1701	0	219579.2364	383757.9082	0	0	0	176755.1273	343226.8066	116889.6991	0	65480.07396	296354.0518	74010.78036	182852.1382	258666.0933	47566.38894	462684.6091	750027.3881	0	0	0	288484.3331	172276.9334	0	194565.8752	387110.3642	0	0	0	169307.7465	396271.4219	129668.9005	0	104486.326	310643.0728	81271.65508	153813.6919	240075.783	86011.36173	800115.6474
X:\blank_10000_SN0\Blank_A1p_1_01_A.d-135	0	0	0	192856	0	0	0	0	0	0	0	0	0	0	0	0	0	0	0	0	0	0	0	0	0	0	0	0	0	0	0	0	0	0	0	0	0	0	0	0	0	0	0	0	0	0	0	0	0	0	0	0	0	0	0	0	0	0	0	0	0	0	0	0	0	0	0	0	0
X:\blank_10000_SN0\Blank_A1p_1_01_B.d-136	0	0	0	0	0	0	0	53863	123108	29402	63726	28082	69572	196549	0	54695	81321	455342	0	0	122879	0	233735	0	0	0	0	0	0	0	103990.4672	205263.1284	35703.81103	121248.0448	46331.90137	120027.4328	269774.8959	0	90124.40061	162346.7537	619724.9159	0	0	152721.0682	0	316646.835	0	0	0	0	0	0	0	94397.93689	150642.8752	41104.45557	122214.1864	48107.99794	125416.0791	224586.1865	0	95565.59746	109751.2603	527665.3629	0	0	200119.2026	0	261391.9612
X:\blank_10000_SN0\Blank_A1p_1_01_D.d-137	0	0	0	0	244502	124939	87174	80010	176649	0	0	0	132586	294054	56234	0	46051	238835	72438	127483	192848	40498	435657	0	0	0	0	277295.7207	246651.4929	97423.34031	120679.9313	191877.553	0	0	0	236023.9993	347852.467	105823.5459	0	62494.35933	384577.9068	100864.3701	162495.3382	349520.2708	61821.44879	786554.3284	0	0	0	0	315621.7479	242873.7693	90902.06005	125960.7489	268511.1067	0	0	0	153000.4034	444383.0273	67490.96949	0	54952.54443	468820.3905	142527.0961	132609.7008	265510.873	57374.23824	781368.6079
X:\blank_10000_SN0\Blank_A1p_1_01_E.d-138	469586	251906	161585	113763	254963	122061	0	92258	196240	0	0	0	131907	304436	96830	0	109582	395738	0	98527	156818	46774	407940	817925.8983	410770.7533	284232.2131	122832.4474	343849.4305	165742.4357	0	97245.99864	203106.7152	0	0	0	240240.3875	440287.5444	164047.4929	0	137268.7944	604945.3238	0	115565.4514	191871.7623	78936.49371	513596.6193	797527.5076	430829.2762	229357.7662	226178.3308	400609.0532	230941.7852	0	171963.8244	294921.7348	0	0	0	166178.8604	520546.6188	135082.787	0	112501.2029	738251.839	0	147637.4132	228966.0017	54718.05264	443357.2447
X:\blank_10000_SN0\Blank_A1p_1_01_F.d-139	402569	0	0	0	192856	100565	0	109969	227784	0	0	0	160222	335542	66656	0	61448	251236	71974	133204	194620	45566	462679	720144.3161	0	0	0	276296.2761	157656.9462	0	141648.6523	242541.8488	0	0	0	183153.3807	528830.4124	110634.1001	0	111204.9275	416960.8128	85833.56089	195668.1401	379113.161	61479.16818	834052.2615	768719.929	0	0	0	321407.61	168652.3092	0	177815.1621	309287.5057	0	0	0	185756.013	547263.5315	105873.5722	0	92553.99711	275465.686	141089.8931	240755.1011	291822.1494	77786.04774	863948.9692
X:\blank_10000_SN0\Blank_A1p_1_01_A.d-140	0	0	0	192856	0	0	0	0	0	0	0	0	0	0	0	0	131907	0	0	0	0	0	0	0	0	0	0	0	0	0	0	0	0	0	0	0	0	0	0	0	0	0	0	0	0	0	0	0	0	0	0	0	0	0	0	0	0	0	0	0	0	0	0	0	0	0	0	0	0
X:\blank_10000_SN0\Blank_A1p_1_01_B.d-141	0	0	0	0	0	0	0	53863	123108	29402	63726	28082	69572	196549	0	54695	81321	455342	0	0	122879	0	233735	0	0	0	0	0	0	0	93222.17463	245118.3279	30277.76589	76756.47123	37546.93966	78089.09485	333299.0437	0	79645.66506	159595.9925	457884.9759	0	0	197615.9444	0	392902.6831	0	0	0	0	0	0	0	58677.96005	213536.8337	46949.11329	101058.4085	49809.18621	87174.49738	220268.2379	0	63574.07917	110484.3316	867922.9198	0	0	139638.3342	0	403652.6331
X:\blank_10000_SN0\Blank_A1p_1_01_D.d-142	0	0	0	0	244502	124939	87174	80010	176649	0	0	0	132586	294054	56234	0	46051	238835	72438	127483	192848	40498	435657	0	0	0	0	428641.8531	227432.2731	106291.2117	102672.103	206622.7718	0	0	0	240253.6733	308948.2719	76936.44607	0	63895.70419	318208.7964	132850.635	225274.2152	304031.7662	59406.15595	668164.9958	0	0	0	0	358442.2596	173602.7142	144499.5276	126316.7485	315498.0918	0	0	0	169000.1855	548829.2252	91749.86408	0	66700.85332	475953.2246	87292.54593	177676.4346	252687.1337	49699.61648	522965.5417
X:\blank_10000_SN0\Blank_A1p_1_01_E.d-143	469586	251906	161585	113763	254963	122061	0	92258	196240	0	0	0	131907	304436	96830	0	109582	395738	0	98527	156818	46774	407940	474579.8371	322410.0955	189939.9111	206004.5048	507263.607	213704.9557	0	97009.54414	219316.1993	0	0	0	208173.5064	552811.5112	188013.2848	0	214461.0652	737162.0286	0	172200.3733	301387.7045	86896.04604	719940.7239	674999.5351	329644.4629	273462.706	218790.6036	434811.4185	168228.9137	0	107525.3807	243226.1337	0	0	0	246657.3108	543466.4388	141897.8225	0	202031.8813	498095.493	0	191380.3672	189823.7583	56774.25114	501881.9783
X:\blank_10000_SN0\Blank_A1p_1_01_F.d-144	402569	0	0	0	192856	100565	0	109969	227784	0	0	0	160222	335542	66656	0	61448	251236	71974	133204	194620	45566	462679	523737.0441	0	0	0	379677.1549	133071.8105	0	125112.1557	319490.6244	0	0	0	227278.8183	555488.3441	102530.2817	0	83143.29944	317275.2623	75641.08939	194675.9879	277305.8154	87053.50907	662047.6171	773182.9327	0	0	0	291891.9628	153148.3661	0	138480.5705	327120.8447	0	0	0	189355.925	529169.4784	106017.541	0	87408.87567	288197.8536	141023.9643	173634.5082	327948.9924	86508.17425	603413.4861
X:\blank_10000_SN0\Blank_A1p_1_01_A.d-145	0	0	0	192856	0	0	0	0	0	0	0	0	0	0	0	0	0	0	0	0	0	0	0	0	0	0	0	0	0	0	0	0	0	0	0	0	0	0	0	0	0	0	0	0	0	0	0	0	0	0	0	0	0	0	0	0	0	0	0	0	0	0	0	0	0	0	0	0	0
X:\blank_10000_SN0\Blank_A1p_1_01_B.d-146	0	0	0	0	0	0	0	53863	123108	29402	63726	28082	69572	196549	0	54695	81321	455342	0	0	122879	0	233735	0	0	0	0	0	0	0	71398.99835	176398.2758	55451.25792	88409.89407	48674.75843	114046.745	299821.7738	0	71702.72408	160675.3345	490466.7962	0	0	202518.4384	0	319500.2835	0	0	0	0	0	0	0	70957.10698	227976.1583	44449.63683	115695.228	31406.15537	132834.733	376702.7138	0	93630.70147	155736.5661	814485.5988	0	0	157231.3075	0	263718.1245
X:\blank_10000_SN0\Blank_A1p_1_01_D.d-147	0	0	0	0	244502	124939	87174	80010	176649	0	0	0	132586	294054	56234	0	46051	238835	72438	127483	192848	40498	435657	0	0	0	0	272093.8738	225011.2259	111396.8212	119154.8566	326572.4669	0	0	0	164452.4028	316511.6919	95488.84633	0	84382.79658	391498.8887	76094.51005	154875.0027	197287.2053	44866.44416	452297.262	0	0	0	0	473114.922	231201.9609	100000.407	93911.04521	237614.733	0	0	0	210279.0126	345544.349	96230.38249	0	69379.32996	310747.3699	128861.7533	253135.333	366330.308	46580.37024	602470.0495
X:\blank_10000_SN0\Blank_A1p_1_01_E.d-148	469586	251906	161585	113763	254963	122061	0	92258	196240	0	0	0	131907	304436	96830	0	109582	395738	0	98527	156818	46774	407940	479141.0801	365293.8852	266118.8011	158656.7942	431134.2746	238062.0575	0	159546.9875	390341.7168	0	0	0	224856.18	373083.7307	156500.3243	0	150482.738	574311.3125	0	112098.971	251272.7269	54438.46679	564099.9313	544178.3911	333928.0481	181801.6566	158330.7577	407471.349	186237.3743	0	180995.4792	322846.4718	0	0	0	142018.1643	588852.8515	115044.1538	0	194857.7352	712710.3734	0	145925.5582	215570.095	73310.3303	788367.3411
X:\blank_10000_SN0\Blank_A1p_1_01_F.d-149	402569	0	0	0	192856	100565	0	109969	227784	0	0	0	160222	335542	66656	0	61448	251236	71974	133204	194620	45566	462679	457708.3242	0	0	0	342772.0378	198914.7326	0	177557.5577	394577.128	0	0	0	303040.7243	361232.1209	126791.0821	0	117930.0737	418956.2317	99574.81006	265256.5503	374556.1179	85856.87131	462865.1737	679250.7697	0	0	0	333272.3009	138717.1814	0	176090.0958	298696.628	0	0	0	186053.3767	406931.9457	85589.29611	0	90836.53189	345630.7667	89730.59163	234607.6328	289824.6874	49628.60447	774489.8669
X:\blank_10000_SN0\Blank_A1p_1_01_A.d-150	0	0	0	192856	0	0	0	0	0	0	0	0	0	0	0	0	131907	0	0	0	0	0	0	0	0	0	0	0	0	0	0	0	0	0	0	0	0	0	0	0	0	0	0	0	0	0	0	0	0	0	0	0	0	0	0	0	0	0	0	0	0	0	0	0	0	0	0	0	0
X:\blank_10000_SN0\Blank_A1p_1_01_B.d-151	0	0	0	0	0	0	0	53863	123108	29402	63726	28082	69572	196549	0	54695	81321	455342	0	0	122879	0	233735	0	0	0	0	0	0	0	65900.42198	155738.7158	45569.45358	112840.3521	40056.94414	111939.5692	365451.6061	0	109347.0722	102704.0107	766173.7196	0	0	204522.9373	0	291214.1062	0	0	0	0	0	0	0	79161.94341	157004.8751	37487.97385	126134.5712	36576.18839	98214.72091	304607.0844	0	90120.42959	114370.9018	603344.5607	0	0	153437.6588	0	466964.0253
X:\blank_10000_SN0\Blank_A1p_1_01_D.d-152	0	0	0	0	244502	124939	87174	80010	176649	0	0	0	132586	294054	56234	0	46051	238835	72438	127483	192848	40498	435657	0	0	0	0	380007.1025	158818.5722	109950.1966	156839.1421	206293.0697	0	0	0	197255.4545	496283.1403	101016.7491	0	62966.63884	269907.9465	95468.68729	208650.6668	204897.1182	50841.36888	502447.0506	0	0	0	0	282678.62	137588.5599	115459.6719	115956.1032	341261.9398	0	0	0	200162.3068	340381.7546	100065.7235	0	88450.91623	391525.1162	120515.5415	183795.5114	216678.3263	51151.98234	684128.4322
X:\blank_10000_SN0\Blank_A1p_1_01_E.d-153	469586	251906	161585	113763	254963	122061	0	92258	196240	0	0	0	131907	304436	96830	0	109582	395738	0	98527	156818	46774	407940	930235.3474	415784.9932	216626.3435	118973.8644	331055.8879	171571.7642	0	171466.2012	286367.5422	0	0	0	167498.9131	434046.982	163231.5049	0	190601.9219	622768.7831	0	141750.9262	194183.9234	89281.3047	545217.1728	696144.9745	422342.5816	211118.4203	152774.5769	383509.9376	152943.8644	0	113906.3148	322615.3468	0	0	0	136608.9436	564133.4031	190188.417	0	147074.7395	711325.1253	0	120353.2965	187484.7598	60190.49552	631086.4472
X:\blank_10000_SN0\Blank_A1p_1_01_F.d-154	402569	0	0	0	192856	100565	0	109969	227784	0	0	0	160222	335542	66656	0	61448	251236	71974	133204	194620	45566	462679	685850.905	0	0	0	370358.4564	168873.6964	0	125837.4479	452993.1131	0	0	0	200127.2725	491395.5423	122319.4012	0	119619.6631	348571.1273	126038.9104	199597.4296	301276.219	53024.75445	586022.3019	687825.4419	0	0	0	192920.5116	114035.4604	0	195145.9247	263481.2257	0	0	0	283173.34	382583.4782	99360.75004	0	96560.40737	454264.6642	77835.65903	202723.7384	367605.9912	57051.54646	630901.7441
X:\blank_10000_SN0\Blank_A1p_1_01_A.d-155	0	0	0	192856	0	0	0	0	0	0	0	0	0	0	0	0	0	0	0	0	0	0	0	0	0	0	0	0	0	0	0	0	0	0	0	0	0	0	0	0	0	0	0	0	0	0	0	0	0	0	0	0	0	0	0	0	0	0	0	0	0	0	0	0	0	0	0	0	0
X:\blank_10000_SN0\Blank_A1p_1_01_B.d-156	0	0	0	0	0	0	0	53863	123108	29402	63726	28082	69572	196549	0	54695	81321	455342	0	0	122879	0	233735	0	0	0	0	0	0	0	87498.6138	144232.1585	54787.56537	123176.9354	53653.82367	135402.6514	210123.1004	0	80130.89865	112839.9217	746247.1509	0	0	233401.9224	0	333723.9536	0	0	0	0	0	0	0	106331.0932	233128.6022	42941.33502	103637.0939	45181.14031	128721.9329	201683.5916	0	102367.745	134351.3614	665301.1214	0	0	149772.9113	0	351355.8714
X:\blank_10000_SN0\Blank_A1p_1_01_D.d-157	0	0	0	0	244502	124939	87174	80010	176649	0	0	0	132586	294054	56234	0	46051	238835	72438	127483	192848	40498	435657	0	0	0	0	274255.4107	234408.9718	160003.6849	149070.918	253103.0386	0	0	0	240253.3838	502134.9655	84245.94644	0	60065.23629	448804.5197	136379.9476	207483.16	226907.5229	66953.36297	739026.5111	0	0	0	0	261234.4314	186948.6014	95762.58171	144651.2081	236001.7249	0	0	0	200461.8083	352260.3883	101840.7741	0	62533.82664	445483.6654	109182.269	138000.5569	239607.2945	52937.7762	573129.8722
X:\blank_10000_SN0\Blank_A1p_1_01_E.d-158	469586	251906	161585	113763	254963	122061	0	92258	196240	0	0	0	131907	304436	96830	0	109582	395738	0	98527	156818	46774	407940	618840.6613	467837.7251	248134.2606	208889.2419	409424.0899	167702.552	0	95506.82467	210950.0192	0	0	0	213290.883	482326.1403	154603.7292	0	218253.644	579624.9024	0	185091.6826	252794.4746	67409.77618	600837.2225	847479.9691	440080.5814	300196.953	128432.8742	473544.1955	211948.0157	0	153052.0987	224323.9301	0	0	0	191533.9558	482467.5641	187424.0031	0	137145.4281	634798.3959	0	141423.8705	260164.2211	82711.83151	504083.4923
X:\blank_10000_SN0\Blank_A1p_1_01_F.d-159	402569	0	0	0	192856	100565	0	109969	227784	0	0	0	160222	335542	66656	0	61448	251236	71974	133204	194620	45566	462679	434118.3807	0	0	0	280872.6356	195044.7044	0	184388.1922	228625.3152	0	0	0	206468.8296	356893.6099	70349.31752	0	66548.68758	497714.9305	73173.54727	251206.9374	282462.9583	65180.75057	897984.6878	616818.3584	0	0	0	384008.4109	188176.0122	0	205205.4655	411227.8613	0	0	0	164236.0451	383118.7239	69934.33581	0	116974.467	303906.6729	136346.7953	230335.8984	363309.8804	72036.70694	589970.9997
X:\blank_10000_SN0\Blank_A1p_1_01_A.d-160	0	0	0	192856	0	0	0	0	0	0	0	0	0	0	0	0	131907	0	0	0	0	0	0	0	0	0	0	0	0	0	0	0	0	0	0	0	0	0	0	0	0	0	0	0	0	0	0	0	0	0	0	0	0	0	0	0	0	0	0	0	0	0	0	0	0	0	0	0	0
X:\blank_10000_SN0\Blank_A1p_1_01_B.d-161	0	0	0	0	0	0	0	53863	123108	29402	63726	28082	69572	196549	0	54695	81321	455342	0	0	122879	0	233735	0	0	0	0	0	0	0	56091.01363	241758.9148	42992.4524	115938.3716	48597.77118	127353.9822	361483.8546	0	104316.4416	125218.108	613872.4308	0	0	215343.6821	0	323057.8186	0	0	0	0	0	0	0	55212.77729	180623.3312	53554.28922	89197.54701	43251.43912	124988.082	374404.1958	0	95419.76163	100806.6649	508177.2281	0	0	159946.1421	0	441636.5472
X:\blank_10000_SN0\Blank_A1p_1_01_D.d-162	0	0	0	0	244502	124939	87174	80010	176649	0	0	0	132586	294054	56234	0	46051	238835	72438	127483	192848	40498	435657	0	0	0	0	400576.8584	193547.1868	132424.9101	103639.696	296731.0356	0	0	0	202816.5201	343910.5718	60957.48268	0	86787.60197	264283.4994	91473.54924	150665.6756	253134.3225	41650.35281	739394.6631	0	0	0	0	263146.5934	248630.2299	164714.0653	141746.6548	238597.5539	0	0	0	230043.4753	475462.0768	99948.42431	0	78770.05315	434068.6991	139405.3295	240226.9249	234481.2262	77244.95202	515858.8234
X:\blank_10000_SN0\Blank_A1p_1_01_E.d-163	469586	251906	161585	113763	254963	122061	0	92258	196240	0	0	0	131907	304436	96830	0	109582	395738	0	98527	156818	46774	407940	662481.5067	285523.3276	268136.7445	121050.7165	402128.3947	136354.4686	0	149924.2631	274222.3168	0	0	0	155348.0941	426499.4734	148277.9774	0	200796.368	760112.1694	0	102101.463	224792.2076	65624.10544	503744.8577	535956.5329	424064.6248	236553.1203	125190.1197	294214.7116	237511.934	0	161068.3698	267165.3185	0	0	0	161234.8668	460843.1954	115161.8516	0	125438.5554	514937.6372	0	146957.7137	158484.2733	68022.2053	680457.5066
X:\blank_10000_SN0\Blank_A1p_1_01_F.d-164	402569	0	0	0	192856	100565	0	109969	227784	0	0	0	160222	335542	66656	0	61448	251236	71974	133204	194620	45566	462679	410920.1288	0	0	0	310391.4506	155059.0454	0	198312.487	289801.6639	0	0	0	239289.2048	509346.0217	91490.44479	0	89811.04025	265769.2731	74103.42522	158031.1274	359540.5849	64714.83784	836099.3494	457951.3665	0	0	0	328728.3016	128298.9853	0	195830.5325	326175.3501	0	0	0	270181.3843	567212.6112	98177.43685	0	109220.6766	339130.0503	133496.6357	248965.7202	196139.5953	82934.83864	711133.84
X:\blank_10000_SN0\Blank_A1p_1_01_A.d-165	0	0	0	192856	0	0	0	0	0	0	0	0	0	0	0	0	0	0	0	0	0	0	0	0	0	0	0	0	0	0	0	0	0	0	0	0	0	0	0	0	0	0	0	0	0	0	0	0	0	0	0	0	0	0	0	0	0	0	0	0	0	0	0	0	0	0	0	0	0
X:\blank_10000_SN0\Blank_A1p_1_01_B.d-166	0	0	0	0	0	0	0	53863	123108	29402	63726	28082	69572	196549	0	54695	81321	455342	0	0	122879	0	233735	0	0	0	0	0	0	0	82769.05281	134248.384	30197.67948	64436.0556	39536.767	74089.36183	392217.7799	0	109156.7655	148604.0717	846637.9982	0	0	234287.8649	0	418476.7427	0	0	0	0	0	0	0	62874.33442	142013.1599	53717.33011	116768.9637	43029.1331	137803.5359	372954.9183	0	95747.48439	156418.5759	528912.3645	0	0	191895.7021	0	322240.9424
X:\blank_10000_SN0\Blank_A1p_1_01_D.d-167	0	0	0	0	244502	124939	87174	80010	176649	0	0	0	132586	294054	56234	0	46051	238835	72438	127483	192848	40498	435657	0	0	0	0	412431.1905	127873.9432	140673.2774	112222.515	211205.6355	0	0	0	209913.2538	312480.2104	87521.02616	0	66109.43551	263251.511	73955.07199	213690.2997	197343.3657	79782.57964	586512.0283	0	0	0	0	468079.6313	218724.144	142237.325	99397.22238	308432.8068	0	0	0	157972.6349	487758.1975	106962.4397	0	54112.10499	420288.1768	109186.3058	168034.8663	221769.1246	48147.70752	528292.6767
X:\blank_10000_SN0\Blank_A1p_1_01_E.d-168	469586	251906	161585	113763	254963	122061	0	92258	196240	0	0	0	131907	304436	96830	0	109582	395738	0	98527	156818	46774	407940	741305.4569	473614.4605	280755.636	147724.9723	494609.5941	198128.3674	0	145032.2928	366656.8575	0	0	0	229737.6105	345076.4509	133247.0012	0	142548.9203	644484.7649	0	113871.1402	285562.5342	56998.88446	717859.1151	563463.3941	287635.0777	204513.2305	167944.5089	483586.5582	226411.8505	0	115270.4997	302289.2962	0	0	0	147229.125	460336.036	123860.5801	0	163545.0464	509657.4909	0	129408.8297	206950.0622	65525.01567	472194.7842
X:\blank_10000_SN0\Blank_A1p_1_01_F.d-169	402569	0	0	0	192856	100565	0	109969	227784	0	0	0	160222	335542	66656	0	61448	251236	71974	133204	194620	45566	462679	714949.9057	0	0	0	296559.0262	119767.1379	0	137765.5751	339222.7203	0	0	0	218188.1753	601327.9681	110707.7965	0	78604.39826	334173.3754	101652.0019	142378.086	350661.9791	88075.46671	526403.0982	752316.7203	0	0	0	254699.749	177183.9167	0	204961.2952	340019.2422	0	0	0	296204.2399	667816.8508	78380.01132	0	122404.6767	365392.1257	72224.22973	177858.1445	304581.1249	86779.39608	597548.1936
X:\blank_10000_SN0\Blank_A1p_1_01_A.d-170	0	0	0	192856	0	0	0	0	0	0	0	0	0	0	0	0	131907	0	0	0	0	0	0	0	0	0	0	0	0	0	0	0	0	0	0	0	0	0	0	0	0	0	0	0	0	0	0	0	0	0	0	0	0	0	0	0	0	0	0	0	0	0	0	0	0	0	0	0	0
X:\blank_10000_SN0\Blank_A1p_1_01_B.d-171	0	0	0	0	0	0	0	53863	123108	29402	63726	28082	69572	196549	0	54695	81321	455342	0	0	122879	0	233735	0	0	0	0	0	0	0	104109.5104	131846.1602	42885.11776	64804.87664	31572.11462	130290.5871	280068.5064	0	68482.08605	147256.7539	907335.9449	0	0	205320.2176	0	342526.6033	0	0	0	0	0	0	0	96739.39645	181965.9464	49356.53272	102843.3575	47833.63275	107636.5779	278932.5538	0	77508.26348	159350.7843	593065.734	0	0	235424.602	0	304357.8183
X:\blank_10000_SN0\Blank_A1p_1_01_D.d-172	0	0	0	0	244502	124939	87174	80010	176649	0	0	0	132586	294054	56234	0	46051	238835	72438	127483	192848	40498	435657	0	0	0	0	287041.047	134918.6336	97539.31024	88674.68775	246243.2522	0	0	0	135161.2364	437389.1062	106214.1846	0	81793.27467	321796.7155	103689.2059	168372.5061	237257.9358	60690.5876	620506.5435	0	0	0	0	485587.4568	247781.3233	165607.9186	113517.9912	281724.9203	0	0	0	234559.5445	448107.6018	64081.55552	0	74836.58627	338670.8369	78731.37618	243190.4351	205393.1049	61759.61042	577480.4408
X:\blank_10000_SN0\Blank_A1p_1_01_E.d-173	469586	251906	161585	113763	254963	122061	0	92258	196240	0	0	0	131907	304436	96830	0	109582	395738	0	98527	156818	46774	407940	677838.6192	430783.3127	253400.1765	132118.1306	291892.9482	241222.4084	0	96321.10405	201664.5052	0	0	0	149539.1393	600211.4626	173974.9434	0	200422.2536	406414.2451	0	121609.1523	227752.4963	54689.80355	701072.8025	618954.0866	443281.8526	222669.0816	173261.8951	380569.2131	195893.3924	0	143576.0409	379039.6532	0	0	0	237328.8277	511711.5015	180488.3044	0	185760.9994	597668.883	0	111410.6448	256261.4149	52186.35836	660376.6754
X:\blank_10000_SN0\Blank_A1p_1_01_F.d-174	402569	0	0	0	192856	100565	0	109969	227784	0	0	0	160222	335542	66656	0	61448	251236	71974	133204	194620	45566	462679	539871.2038	0	0	0	281985.2904	131534.8547	0	168939.6268	357959.9057	0	0	0	191221.7319	440423.5468	115596.9059	0	83635.85505	453907.0559	114892.0471	220071.1819	342968.1913	64126.84898	801685.8781	661131.9477	0	0	0	320416.9598	192375.9394	0	200664.6468	426857.4587	0	0	0	165823.797	338136.0009	121641.5494	0	110681.5945	277473.5532	77053.48214	214172.9171	215288.1022	70884.52312	594249.0936
X:\blank_10000_SN0\Blank_A1p_1_01_A.d-175	0	0	0	192856	0	0	0	0	0	0	0	0	0	0	0	0	0	0	0	0	0	0	0	0	0	0	0	0	0	0	0	0	0	0	0	0	0	0	0	0	0	0	0	0	0	0	0	0	0	0	0	0	0	0	0	0	0	0	0	0	0	0	0	0	0	0	0	0	0
X:\blank_10000_SN0\Blank_A1p_1_01_B.d-176	0	0	0	0	0	0	0	53863	123108	29402	63726	28082	69572	196549	0	54695	81321	455342	0	0	122879	0	233735	0	0	0	0	0	0	0	56577.44174	234590.2495	45813.90312	118232.4272	50740.77288	132637.2353	197339.8962	0	85679.08191	154638.2828	670689.3735	0	0	124819.5761	0	462879.7198	0	0	0	0	0	0	0	63655.72522	157237.3777	41684.36885	93616.11697	38423.68394	101014.6709	259537.6739	0	70150.71309	128656.0604	864873.1618	0	0	207570.706	0	254431.832
X:\blank_10000_SN0\Blank_A1p_1_01_D.d-177	0	0	0	0	244502	124939	87174	80010	176649	0	0	0	132586	294054	56234	0	46051	238835	72438	127483	192848	40498	435657	0	0	0	0	458904.0706	126886.1864	137032.3046	143791.959	309881.057	0	0	0	228832.434	517481.893	100753.4991	0	84418.82243	285776.881	107537.6323	222369.0783	374101.272	70081.51514	680074.9553	0	0	0	0	349747.6788	170157.4376	172189.0677	140905.4326	275997.1552	0	0	0	252836.2981	329528.042	64747.64444	0	68739.39428	289867.4066	73496.59634	234934.7214	260522.5205	78334.67135	870455.0057
X:\blank_10000_SN0\Blank_A1p_1_01_E.d-178	469586	251906	161585	113763	254963	122061	0	92258	196240	0	0	0	131907	304436	96830	0	109582	395738	0	98527	156818	46774	407940	721659.6981	425566.6982	209910.882	168190.7921	306554.4233	123337.7988	0	102603.4329	330994.397	0	0	0	152699.3949	446654.6161	180050.6827	0	203264.7175	789134.9105	0	180118.252	311222.6606	92798.10012	625651.4889	521892.9092	453668.9554	230154.3863	212680.0104	483597.3763	181561.0524	0	133753.2692	242050.7975	0	0	0	252669.3311	403940.4219	105632.2803	0	181437.09	612069.6439	0	175435.0838	309042.7017	90701.82973	655465.6402
X:\blank_10000_SN0\Blank_A1p_1_01_F.d-179	402569	0	0	0	192856	100565	0	109969	227784	0	0	0	160222	335542	66656	0	61448	251236	71974	133204	194620	45566	462679	522546.1169	0	0	0	250605.7516	153768.4482	0	123905.4856	277510.9505	0	0	0	206646.2366	412669.2874	87676.67673	0	66431.97394	420771.1341	74105.90092	157625.0192	262436.3115	56515.58487	862530.5423	749218.6574	0	0	0	216107.7357	141026.8804	0	190631.208	378954.6249	0	0	0	165722.504	560686.3252	127748.3846	0	91695.58608	475517.8885	87105.21037	181563.0787	327676.3505	65948.36787	508904.4709
X:\blank_10000_SN0\Blank_A1p_1_01_A.d-180	0	0	0	192856	0	0	0	0	0	0	0	0	0	0	0	0	131907	0	0	0	0	0	0	0	0	0	0	0	0	0	0	0	0	0	0	0	0	0	0	0	0	0	0	0	0	0	0	0	0	0	0	0	0	0	0	0	0	0	0	0	0	0	0	0	0	0	0	0	0
X:\blank_10000_SN0\Blank_A1p_1_01_B.d-181	0	0	0	0	0	0	0	53863	123108	29402	63726	28082	69572	196549	0	54695	81321	455342	0	0	122879	0	233735	0	0	0	0	0	0	0	95522.33662	130850.8893	44178.82373	118337.5549	46957.65117	112160.3075	279545.7547	0	67015.04784	157572.9706	517803.0952	0	0	129893.9941	0	333613.779	0	0	0	0	0	0	0	59220.35494	172924.0575	47816.28712	69655.10988	30449.71984	104158.7318	204686.3935	0	65484.00189	128813.6164	908992.0252	0	0	149240.5618	0	371196.9916
X:\blank_10000_SN0\Blank_A1p_1_01_D.d-182	0	0	0	0	244502	124939	87174	80010	176649	0	0	0	132586	294054	56234	0	46051	238835	72438	127483	192848	40498	435657	0	0	0	0	413824.6126	169428.4707	141662.9062	124485.9673	305831.8307	0	0	0	133229.5516	416667.7778	96627.72874	0	85659.67418	431312.0617	97669.85096	246547.83	370476.4829	43262.35899	691951.6679	0	0	0	0	394673.258	170142.3418	99153.4385	81364.39484	338634.994	0	0	0	254475.1201	378081.692	110978.4542	0	84159.61058	340049.7997	86850.63721	226207.4077	301905.481	57168.49064	732358.853
X:\blank_10000_SN0\Blank_A1p_1_01_E.d-183	469586	251906	161585	113763	254963	122061	0	92258	196240	0	0	0	131907	304436	96830	0	109582	395738	0	98527	156818	46774	407940	857656.3051	429551.6016	287535.0142	169272.9779	298532.6103	199455.2572	0	107884.1311	303726.6738	0	0	0	192375.3509	351722.2163	183049.867	0	183249.7323	705850.2889	0	150901.2562	257770.4067	51518.61781	538340.9082	876889.1542	367757.3153	184505.199	212339.6283	330858.8748	158789.5433	0	155589.8876	257658.6384	0	0	0	258564.7169	502788.0576	134753.9468	0	151315.7375	612261.6429	0	158538.3792	228195.5733	59191.55397	686299.1644
X:\blank_10000_SN0\Blank_A1p_1_01_F.d-184	402569	0	0	0	192856	100565	0	109969	227784	0	0	0	160222	335542	66656	0	61448	251236	71974	133204	194620	45566	462679	595992.8331	0	0	0	240097.5401	134970.2958	0	187968.7766	264555.0637	0	0	0	198200.0719	536900.9936	130106.9165	0	107332.1825	483006.5097	85290.35394	176209.6752	211348.5895	60217.99452	813471.0835	650031.6321	0	0	0	286014.1361	174656.5358	0	153625.27	406366.0447	0	0	0	313938.4171	421473.7695	108054.644	0	117688.3267	402095.5932	106480.1365	226314.9186	263583.2623	83852.67424	644850.3821
X:\blank_10000_SN0\Blank_A1p_1_01_A.d-185	0	0	0	192856	0	0	0	0	0	0	0	0	0	0	0	0	0	0	0	0	0	0	0	0	0	0	0	0	0	0	0	0	0	0	0	0	0	0	0	0	0	0	0	0	0	0	0	0	0	0	0	0	0	0	0	0	0	0	0	0	0	0	0	0	0	0	0	0	0
X:\blank_10000_SN0\Blank_A1p_1_01_B.d-186	0	0	0	0	0	0	0	53863	123108	29402	63726	28082	69572	196549	0	54695	81321	455342	0	0	122879	0	233735	0	0	0	0	0	0	0	91154.78944	180988.0842	36187.18883	118991.6431	37498.25494	120460.5258	287214.2731	0	61641.46006	132918.4134	463643.9757	0	0	229846.0267	0	371001.8707	0	0	0	0	0	0	0	94030.88509	173063.1222	29612.41068	74026.60778	28768.18576	94680.19079	282754.7787	0	106295.4914	149090.3539	596993.7564	0	0	146485.7791	0	419164.5376
X:\blank_10000_SN0\Blank_A1p_1_01_D.d-187	0	0	0	0	244502	124939	87174	80010	176649	0	0	0	132586	294054	56234	0	46051	238835	72438	127483	192848	40498	435657	0	0	0	0	452778.9967	128475.7662	134355.2162	91343.37811	286692.1373	0	0	0	201380.1554	578758.4766	71417.19259	0	79782.5251	462527.2818	135687.9229	169581.8416	285207.0513	43906.81933	845725.1693	0	0	0	0	405958.0132	240121.8004	145655.4213	112146.3896	224485.7854	0	0	0	243533.2785	393432.7109	73374.13316	0	84137.27057	416583.0743	140704.7367	132179.8599	264942.772	70258.02295	460628.3188
X:\blank_10000_SN0\Blank_A1p_1_01_E.d-188	469586	251906	161585	113763	254963	122061	0	92258	196240	0	0	0	131907	304436	96830	0	109582	395738	0	98527	156818	46774	407940	843720.8072	261963.9127	208207.1813	199735.368	433022.9413	130183.1614	0	169663.5272	339804.8301	0	0	0	139454.1789	568091.9304	188986.7936	0	188745.3006	511338.2905	0	115344.5815	305375.85	61651.16157	762103.7657	919462.6315	372128.7758	263501.0554	123541.7227	266415.5468	181815.0427	0	135260.1498	207902.4006	0	0	0	171631.099	532135.6326	142256.309	0	124159.3213	790763.6821	0	151926.7556	313319.578	90826.21345	493280.5144
X:\blank_10000_SN0\Blank_A1p_1_01_F.d-189	402569	0	0	0	192856	100565	0	109969	227784	0	0	0	160222	335542	66656	0	61448	251236	71974	133204	194620	45566	462679	744284.2931	0	0	0	355426.0956	149802.6276	0	150371.5166	261796.5169	0	0	0	271379.4109	385787.0625	126544.3979	0	71132.61099	459211.8812	98672.13279	197930.3035	324748.7387	52873.67695	780070.5581	626775.8532	0	0	0	211704.4846	120371.5345	0	119528.3588	404807.598	0	0	0	284981.8615	581516.8437	67958.01149	0	77439.03327	393296.359	91295.39849	212783.9262	234964.0576	63651.74023	481679.6105
X:\blank_10000_SN0\Blank_A1p_1_01_A.d-190	0	0	0	192856	0	0	0	0	0	0	0	0	0	0	0	0	131907	0	0	0	0	0	0	0	0	0	0	0	0	0	0	0	0	0	0	0	0	0	0	0	0	0	0	0	0	0	0	0	0	0	0	0	0	0	0	0	0	0	0	0	0	0	0	0	0	0	0	0	0
X:\blank_10000_SN0\Blank_A1p_1_01_B.d-191	0	0	0	0	0	0	0	53863	123108	29402	63726	28082	69572	196549	0	54695	81321	455342	0	0	122879	0	233735	0	0	0	0	0	0	0	59737.22841	216672.0702	36577.38538	78352.59012	30999.73547	108939.7805	282586.4329	0	91114.59886	115946.638	574881.034	0	0	209765.2123	0	313337.2048	0	0	0	0	0	0	0	76600.84012	210417.5971	53084.89087	126686.271	44758.80118	104458.0406	221136.7615	0	87500.74323	120099.964	881093.1355	0	0	185750.3758	0	264054.1833
X:\blank_10000_SN0\Blank_A1p_1_01_D.d-192	0	0	0	0	244502	124939	87174	80010	176649	0	0	0	132586	294054	56234	0	46051	238835	72438	127483	192848	40498	435657	0	0	0	0	411812.2967	191365.4622	114424.5796	88896.89784	313031.3266	0	0	0	149752.9474	319899.3715	97015.27155	0	61500.36282	362907.2074	122056.6187	150330.1881	382315.9144	72669.69983	508329.1124	0	0	0	0	408233.2069	151985.3474	130603.4296	138401.6618	195639.0068	0	0	0	160946.7879	587265.9117	94726.19078	0	74837.57488	305745.5261	134688.9586	206358.6742	333881.8141	63868.37844	743590.4251
X:\blank_10000_SN0\Blank_A1p_1_01_E.d-193	469586	251906	161585	113763	254963	122061	0	92258	196240	0	0	0	131907	304436	96830	0	109582	395738	0	98527	156818	46774	407940	767818.9636	279570.6145	296702.0501	198390.7405	354059.2779	217080.6691	0	129875.1942	205946.0819	0	0	0	145979.4831	605112.702	102758.4502	0	138173.8727	692747.2548	0	109998.9769	191265.7881	78175.99949	728150.473	655815.433	336521.2378	169426.1935	156169.9442	348066.6728	140985.1869	0	128492.295	296167.4077	0	0	0	208617.7224	480414.2212	104173.946	0	190955.8248	789620.695	0	142281.6369	252048.9221	60622.76778	693526.758
X:\blank_10000_SN0\Blank_A1p_1_01_F.d-194	402569	0	0	0	192856	100565	0	109969	227784	0	0	0	160222	335542	66656	0	61448	251236	71974	133204	194620	45566	462679	480166.7812	0	0	0	339112.9416	146409.7895	0	147546.6803	311601.6175	0	0	0	222519.1121	457596.6294	118445.5751	0	72139.72852	365055.5365	79678.79187	174326.8034	382903.2719	51891.89703	495974.2241	620278.354	0	0	0	300409.6686	196088.0899	0	135223.1684	424138.0958	0	0	0	186111.4632	338112.0949	77881.55137	0	109307.6075	475175.855	107067.2696	178500.1892	295911.6903	62295.93455	640924.8971
X:\blank_10000_SN0\Blank_A1p_1_01_A.d-195	0	0	0	192856	0	0	0	0	0	0	0	0	0	0	0	0	0	0	0	0	0	0	0	0	0	0	0	0	0	0	0	0	0	0	0	0	0	0	0	0	0	0	0	0	0	0	0	0	0	0	0	0	0	0	0	0	0	0	0	0	0	0	0	0	0	0	0	0	0
X:\blank_10000_SN0\Blank_A1p_1_01_B.d-196	0	0	0	0	0	0	0	53863	123108	29402	63726	28082	69572	196549	0	54695	81321	455342	0	0	122879	0	233735	0	0	0	0	0	0	0	84543.4403	199428.9741	45010.97582	108336.0045	43584.11035	75428.20387	346622.0313	0	93714.80885	99309.19706	560116.7926	0	0	220325.1097	0	460130.163	0	0	0	0	0	0	0	84282.04805	240459.0097	53847.46874	72471.75888	35000.54101	79848.47366	251905.779	0	81603.45634	81671.47951	521836.9637	0	0	175709.2781	0	445360.8208
X:\blank_10000_SN0\Blank_A1p_1_01_D.d-197	0	0	0	0	244502	124939	87174	80010	176649	0	0	0	132586	294054	56234	0	46051	238835	72438	127483	192848	40498	435657	0	0	0	0	367550.8325	225999.3059	111261.5436	131102.6563	303970.1007	0	0	0	196116.2911	450028.4423	68260.6215	0	78873.07064	398691.7557	101574.3404	140076.1058	293054.799	43336.67134	495772.0053	0	0	0	0	415312.6601	135919.6999	157628.3231	129234.8626	194710.3179	0	0	0	166056.4097	298110.2417	79260.69237	0	68984.12443	245309.1028	89550.25091	178609.8326	223438.2929	42279.89239	585170.4551
X:\blank_10000_SN0\Blank_A1p_1_01_E.d-198	469586	251906	161585	113763	254963	122061	0	92258	196240	0	0	0	131907	304436	96830	0	109582	395738	0	98527	156818	46774	407940	541525.0769	279935.6895	171151.3336	214128.5476	381491.8283	224458.8124	0	162683.9189	215902.9778	0	0	0	174477.4947	529670.1458	126454.622	0	190243.0684	518963.7561	0	149287.4087	170195.0438	90332.139	468263.9226	657818.2042	351485.9532	194711.8397	211435.0884	281213.7372	124342.2513	0	99246.35492	299629.7849	0	0	0	188984.4916	485860.2895	143284.88	0	120978.6558	528679.6604	0	192206.2303	180590.0326	89828.32217	413045.7696
X:\blank_10000_SN0\Blank_A1p_1_01_F.d-199	402569	0	0	0	192856	100565	0	109969	227784	0	0	0	160222	335542	66656	0	61448	251236	71974	133204	194620	45566	462679	520814.537	0	0	0	239816.8821	154752.2561	0	162629.851	360787.9112	0	0	0	287881.8257	470872.5203	126760.5203	0	115615.9358	294855.5356	108797.9004	202906.1912	346200.9926	63768.51889	540576.7648	702414.2123	0	0	0	356945.5062	108731.1298	0	210484.7352	333436.6789	0	0	0	196551.7019	452807.3182	106738.6865	0	82519.92639	459753.6109	129684.9907	221213.1354	377034.107	58663.26425	464050.1573
